9.460242579835280441e-02
4.127178396037182728e-01
1.011173216164010236e-01
2.676429806710979228e-02
5.719251588971577815e-01
9.973845850320457729e-02
9.824788095657056575e-01
5.927107129103575955e-02
2.636033880779800522e-03
4.555496065888650081e-01
8.235144681397329469e-01
1.974927045505708856e-02
3.181381333261890099e-01
1.190614932567165135e-01
9.134916094887379767e-01
6.811891030410793801e-02
2.131212799402040226e-01
2.291982674919580132e-01
7.447035097897511946e-01
1.678844186871208399e-01
3.377462117389642970e-01
7.058076609745450591e-02
7.948267478981523027e-02
3.286382100920354210e-01
1.647381255586938612e-02
3.453498865427612197e-01
5.856839063927884448e-01
6.901434404403478107e-02
5.926070501919925709e-02
4.345519290139589902e-02
1.202580047144235220e-01
1.348559639108962323e-02
4.589777931728861171e-02
2.401949637152509531e-01
7.472635940408520749e-01
3.764337835808507227e-01
8.224551444846885107e-02
2.027637260179603329e-01
7.289135233545760394e-03
2.410214975931102357e-02
2.517449778999532040e-01
2.103187864375585803e-01
1.051525407759029175e-02
2.394371880209752654e-02
9.037503835320146450e-01
4.198721812433717920e-02
7.642144718726093244e-02
5.549282555650941057e-02
7.032151750302861881e-02
1.450107669318880521e-01
9.837909574328446149e-01
1.383569421419032497e-01
9.814034712378205683e-01
2.736562766983948736e-01
8.736729817094940342e-01
8.492224647246365832e-01
8.096199539935189371e-01
7.432516302443619161e-01
7.299885799929155539e-01
9.241464624911069903e-01
8.362142398725604941e-01
8.652667011021986099e-01
1.713025102569329383e-01
8.455870317069711373e-01
9.338741050345361616e-01
6.283793841676527103e-01
8.446125598900885434e-01
9.750847193275172797e-01
4.331387561971780098e-01
9.218771436698851574e-01
9.356320613603607006e-01
3.626860669661757797e-01
7.064023695226410160e-01
4.533944262624304833e-01
8.254779656226172158e-01
9.599648310890454006e-01
5.896093736380780825e-01
4.444985962592485906e-01
9.450628198272518210e-01
2.577819076997587278e-01
1.208271703688175575e-01
9.855604077222440695e-01
9.374134231907255144e-01
9.005173049256864903e-01
5.619962377175848900e-01
8.701384896558069793e-01
8.118876849055787215e-01
7.217919837196290489e-01
7.951332127740649014e-01
9.874773434536467942e-01
2.189245837116082782e-01
7.968612119345779288e-01
7.883134295227292032e-01
8.477383877107085297e-01
8.551726455970413143e-01
5.082905048112319468e-01
3.580541097332559652e-01
7.777565982612211215e-01
9.734385855813513233e-01
4.760800490798154372e-01
