6.032749410243291172e-02
5.763704792925329334e-01
3.213637523942202145e-01
5.024194187008203250e-02
4.272612433106249830e-01
1.156070844918024448e-01
9.925404203487213639e-01
2.444972746787872631e-01
3.498179486148184081e-02
2.270626023081847578e-01
8.394277063650719128e-01
5.357722569186525174e-02
1.476081327399688392e-01
2.033602021317626740e-01
8.898903264704909333e-01
4.390189766569099067e-02
2.431874919819966563e-01
4.660234165783071481e-01
8.929324379959195923e-01
1.534339656496661597e-01
2.048616352312472300e-01
2.851652498695525506e-02
2.828999266621995412e-01
5.294571987532505908e-01
1.062826947094291652e-01
3.743736225867735912e-01
2.976512708972563481e-01
1.999426468181026914e-02
1.731823757983473946e-02
1.282145208384475044e-01
2.783466430717405210e-02
7.902574091800124156e-02
2.619401685637731333e-02
2.618328599777053900e-01
8.337627554148627773e-01
4.882618111942129135e-01
5.418814844489597965e-02
7.637858772515259131e-01
1.175585992713192723e-01
3.612754468471741920e-02
2.842560448711674015e-01
7.062112987576608658e-01
7.826271672102427801e-02
8.615141034841583556e-02
7.918153263229859018e-01
2.863069615781358226e-02
2.174847369772493488e-01
6.998110591520297075e-02
5.366231090782463964e-02
3.650745367807251562e-01
9.654619690331210924e-01
2.481616582606477883e-01
9.304115891133436511e-01
6.160599698167168459e-01
6.667059102848147401e-01
9.480353275028996496e-01
4.842126614203240975e-01
4.167064367102420452e-01
6.658369263291931128e-01
8.488072668658239728e-01
8.434561390617770771e-01
7.388058691207739503e-01
1.783652886507300916e-01
9.302783343339342537e-01
8.839602058391990980e-01
8.212949876770014868e-01
8.169496454333762259e-01
9.198296095298614805e-01
4.835035006830028514e-01
8.744251697029368220e-01
9.745656243347081693e-01
3.807262376696765593e-01
6.899319244616544111e-01
5.717672740449153412e-01
8.093402198443635509e-01
9.299987265373294010e-01
9.016305381797513618e-01
6.651720828475388148e-01
9.644474321697645847e-01
3.082257429014391148e-01
1.567471704979591374e-01
9.958371964867763770e-01
8.614882648597804726e-01
9.352935706453106013e-01
6.390876661297421046e-01
8.693785694575353329e-01
8.520712212574284017e-01
7.042187186643174002e-01
7.723618779299166182e-01
9.824131846285921732e-01
2.975563331417515056e-01
6.319202630695351930e-01
5.978121490796958204e-01
6.744419540366606292e-01
7.854136086465622890e-01
7.114780673461218452e-01
7.602236967640768617e-01
7.468708693170497126e-01
9.612563546354282451e-01
5.231171349816121641e-01
