1.822281705676525587e-01
1.159267105822694294e-01
1.159023358969255985e-01
1.181029607021129996e-01
9.496036480748515363e-01
9.209273482154903823e-01
3.060989647553933324e-01
8.482900473762313917e-03
2.229697837127012638e-01
1.837937319594515895e-01
1.669468786436661412e-01
1.148991171942258388e-01
8.329839357194966931e-01
8.787483825410187521e-02
8.600928689954344675e-01
3.640189789738162290e-02
2.854317010137209509e-01
1.493191884955632209e-01
2.665687289171200791e-01
5.906975379789072833e-02
1.398190701934702851e-01
2.192904350955051096e-01
1.178566689858847744e-01
4.173763782880858531e-02
2.147512673715986364e-01
2.156772904833407500e-01
3.733517657613253382e-01
9.207659059738264318e-02
9.342388652963296014e-02
1.105192110443474901e-01
4.100535545561136974e-01
5.790882642412664705e-01
6.448754811074101922e-02
1.787945768306173078e-01
6.999483917423174328e-02
2.889636805389795282e-01
3.629229625098073231e-01
2.783754266062629656e-01
9.983876783751463591e-02
1.638045208876817704e-02
2.237897863035959722e-01
6.514341008404496425e-02
1.970795957815120736e-01
3.113870361015215193e-01
8.552469888735832193e-02
2.168045455602656546e-01
2.499583745670842239e-01
3.439466419766635391e-02
1.388797854717501168e-01
1.520847414934226594e-01
9.360410713937987737e-01
7.411869193131318534e-01
7.880476072566848789e-01
8.672438741375613214e-01
5.933149474988085315e-01
8.536469812785000277e-01
9.171664024199066567e-01
6.764264243275622812e-01
6.540824412357112427e-01
9.592949353141518865e-01
9.027278906261474445e-01
4.187793039776653292e-01
9.795318533028225527e-01
6.824684681783059759e-01
5.177197754306309685e-01
9.812912346880118264e-01
9.562407541911007725e-01
8.172480431426673020e-01
9.068491416626818236e-01
4.260696908321798815e-01
6.285777816014166408e-01
4.768264576793660448e-01
3.432650390559879305e-01
9.863102178924448848e-01
2.559611888756259113e-01
8.544093524789131422e-01
8.295793469944074960e-01
7.299661615491322975e-01
8.002421829512690321e-02
7.705287551492585596e-01
7.641158247080821475e-01
8.960522561259011143e-01
8.999189647742495968e-01
9.657614234275020415e-01
7.699229829301252881e-01
9.579231274857152867e-01
9.961885339235437842e-01
4.069770979408934841e-01
9.827147599134131717e-01
9.041460702517546411e-01
7.423051901148665088e-01
4.930437892415195922e-01
5.722084854052816860e-01
8.648449080350983920e-01
2.153811165796280236e-01
9.518525371691571868e-01
8.963233806889796540e-01
6.766291769401514555e-01
8.308675935275344759e-01
9.809066274613751357e-01
