1.914991981804308185e-01
1.292628449904561216e-01
1.279331944050819958e-01
1.299916980972106173e-01
9.370724155071441519e-01
9.059856123873578637e-01
3.119707530395661732e-01
1.125885953503159495e-02
2.330699104759825502e-01
1.957989495851216732e-01
1.765062392091077681e-01
1.275709409634954994e-01
8.125254209989805076e-01
9.862146596756851680e-02
8.380481544287677886e-01
4.473683001458693409e-02
2.950032371750355153e-01
1.580099865014150951e-01
2.749800404675543652e-01
6.875760125863400463e-02
1.521805914892319644e-01
2.265926869735711280e-01
1.288527611887321234e-01
4.971115706172996723e-02
2.270522590701294086e-01
2.280259409140783788e-01
3.782581890509051359e-01
1.050425088021699205e-01
1.054125799787937190e-01
1.221680332323845791e-01
4.103044916854371449e-01
5.741269488834865875e-01
7.647860124875011101e-02
1.915079146924438813e-01
8.031837448368800425e-02
2.933719283874391959e-01
3.642434690543268072e-01
2.845268380049608692e-01
1.108845683594132242e-01
2.120290556949164587e-02
2.340177535161311329e-01
7.429812697481548434e-02
2.090789936624777023e-01
3.179764853510405054e-01
9.587576661962128599e-02
2.293866542843102929e-01
2.608623377710580504e-01
4.160350585877983093e-02
1.480920094404582776e-01
1.638217381465738864e-01
9.221538751279582113e-01
7.219561021022327107e-01
7.690649087580845311e-01
8.458926778204520769e-01
5.767699433982744761e-01
8.313592797535183099e-01
8.984344264171963967e-01
6.549678474532231176e-01
6.387806800806733465e-01
9.492625842886792675e-01
8.842865788989308085e-01
4.203142493473529528e-01
9.725970541147102022e-01
6.625464675375238865e-01
5.032435263457558650e-01
9.750557262133761061e-01
9.446587527984515731e-01
7.984468174486522019e-01
8.906238168736910765e-01
4.191550368828287909e-01
6.140865068752350275e-01
4.733782667010171807e-01
3.519074651476722937e-01
9.812521839608643326e-01
2.620095756952025567e-01
8.329359878310427234e-01
8.104433726987347875e-01
7.111560209728557957e-01
9.057739070972223305e-02
7.490001682159863616e-01
7.392291517491043074e-01
8.781598223927313818e-01
8.810482576438511959e-01
9.557951204599128836e-01
7.524353618702805946e-01
9.472560633190124646e-01
9.942367556499098757e-01
4.077599164696243950e-01
9.767564432623760950e-01
8.857259502821798192e-01
7.213700666686635454e-01
4.850497172766536913e-01
5.554179834051857778e-01
8.477655894270077486e-01
2.247853128848354698e-01
9.394749103954369573e-01
8.789344822655040801e-01
6.605975413831913778e-01
8.134781150440372199e-01
9.742848967253249226e-01
