1.732637129795439601e-01
1.019783359242068532e-01
1.041321073518002710e-01
1.065360127696653170e-01
9.567784392305606067e-01
9.285172941357346943e-01
2.952594089180209935e-01
2.101680193125865237e-01
1.697205426641983095e-01
1.581194172762831751e-01
1.020705453351835046e-01
8.440862889863093299e-01
7.843012962577392000e-02
8.748754226139406898e-01
2.937551897093528680e-02
2.691051923871657370e-01
1.427315077212315819e-01
2.539325433419297728e-01
5.085697271437837619e-02
1.269124026749297307e-01
2.120431950488549377e-01
1.078271931785784454e-01
3.545287446353060506e-02
1.983830796991215561e-01
1.991637572821222113e-01
3.585552494085508801e-01
7.906374104443694706e-02
8.195696557990098108e-02
9.947387688484558843e-02
4.012149074915800639e-01
5.664947658548048492e-01
5.295596595451571714e-02
1.636969020631987015e-01
6.103621277616323726e-02
2.823992530442973048e-01
3.561983394980282602e-01
2.692170931036068082e-01
8.989885964617766456e-02
2.106956165201121778e-01
5.793119172370816278e-02
1.823093881123521998e-01
2.987021227547715374e-01
7.671768652473005823e-02
1.997924261451962114e-01
2.338087044940839743e-01
2.883177754651925287e-02
1.316177120247794541e-01
1.398691088581258957e-01
9.436213281723805357e-01
7.494026919423556476e-01
7.955922136350246365e-01
8.812114116852255430e-01
6.030024916098113419e-01
8.685751598172940513e-01
9.301372648270342935e-01
6.909066341185605697e-01
6.576575744442054727e-01
9.641806686383200820e-01
9.142010655602162972e-01
4.065722449289442819e-01
9.833512500640768650e-01
6.937407686371187543e-01
5.291165193540444678e-01
9.845212493354930094e-01
9.629020793773788167e-01
8.249469449122622811e-01
9.151526381503978236e-01
4.302712568954840111e-01
6.319388448605089970e-01
4.694431502743770523e-01
3.238328672339163550e-01
2.486874589018574777e-01
8.680185843339881524e-01
8.382368135747668703e-01
7.375941901061777717e-01
7.083705958968980476e-02
7.827247139605773008e-01
7.824321462689646234e-01
9.061634573859199682e-01
9.118557643521002509e-01
9.714766946790895918e-01
7.745933034764200809e-01
9.635240415085315480e-01
3.973506026830544990e-01
9.858400304718872853e-01
9.156912345297103517e-01
7.537066435598541725e-01
4.934451670850613647e-01
5.838980563237909926e-01
8.714675435579236629e-01
2.043621305989442860e-01
9.590807163033264748e-01
9.056414717494059019e-01
6.805927481547956459e-01
8.364178135159835437e-01
9.845551409091202189e-01
