6.205796620412890041e-02
4.306846606416880330e-01
2.187315496466942233e-01
4.774051340827702855e-02
3.831305606598655045e-01
1.327946281115200688e-01
1.697887174903064122e-01
3.429672227493480580e-02
2.428857988207300256e-01
7.915337199267126200e-01
4.967423970083966606e-02
1.871973940946318749e-01
1.576399825112820841e-01
9.056148947495148427e-01
4.524815214553642301e-02
1.940163796016574904e-01
3.239130405967493020e-01
8.016800827372005944e-01
1.440817994568425187e-01
2.008515714767772908e-01
3.192314278152805218e-02
1.940195053590029750e-01
3.819943219473778684e-01
9.489293697929002125e-02
2.902696250218322338e-01
3.229970627216148249e-01
2.406581323514450990e-02
2.132763843151443475e-02
1.072707600920095178e-01
3.277611575067398975e-02
6.817895814684826750e-02
2.911549229469679451e-02
2.085379743254177354e-01
7.430884596628100081e-01
3.648733360747150045e-01
5.524048220194521103e-02
5.495538399983054267e-01
9.106759515362715385e-02
3.652950617088821655e-02
2.225637221268773613e-01
4.961763516238989480e-01
6.681728698914131404e-02
7.772523717252272091e-02
8.510062462411736028e-01
3.109611863471064760e-02
1.580822103225105746e-01
6.723979946068310565e-02
5.387753180189223251e-02
2.502903776920249457e-01
1.843890712687233924e-01
4.330170712099080665e-01
7.534485140561971717e-01
9.050353537524364889e-01
5.835197767829836124e-01
4.802893593582427401e-01
6.058659861699343674e-01
9.034654544804848753e-01
8.039331870426384974e-01
7.715728072152501227e-01
1.545132162877000670e-01
8.841020895416028536e-01
9.291306261077119100e-01
6.878451711483339892e-01
7.925680252698726891e-01
3.745752749148362204e-01
9.093212267461349141e-01
9.707471175567234933e-01
2.974940796223276007e-01
6.087753834031824907e-01
4.368249140705288691e-01
7.711556688573881768e-01
9.745157453402173431e-01
7.736721353991207195e-01
5.029113576213295467e-01
9.706681719710860134e-01
2.366818664949968398e-01
1.355161413415639227e-01
9.281601767906868528e-01
9.206599093140266366e-01
5.139227960997306832e-01
8.501203654937536935e-01
7.937854658977142597e-01
6.271615132140313520e-01
7.220603865522943199e-01
2.241658681743289305e-01
6.376212178294352606e-01
6.110634611807406191e-01
7.176223886777198802e-01
7.837616918919978470e-01
5.551574607606999390e-01
5.690652417429243881e-01
6.919004737759077983e-01
4.103666350777147032e-01
