6.751168647705760306e-02
3.883149574732556175e-01
1.857437280347418174e-01
4.814056059090394968e-02
4.075468907905986926e-01
1.636538517407075954e-01
1.459032300643050284e-01
2.916183295156712929e-01
8.133888462375367112e-01
4.934545442327440551e-02
2.495662826674762691e-01
1.474161087123180003e-01
9.439481921255740149e-01
4.820156343077317690e-02
1.871158401905649582e-01
2.779991961540318468e-01
7.767389838776291855e-01
1.547848306366811089e-01
2.259334753654264893e-01
1.655765434234733879e-01
3.362119103136511633e-01
9.586699616788592337e-02
2.757199858923847224e-01
3.919525718173309525e-01
1.040929539751617866e-01
6.570689227384855780e-02
2.013459976486695613e-01
7.335855257294706666e-01
3.334890041211974743e-01
5.922057457020443727e-02
4.448381518717644534e-01
8.258344843945679414e-02
2.124024394021919171e-01
4.032235205179551252e-01
6.381254394472789249e-02
7.809304688921185622e-02
9.195749262627667120e-01
1.405684033402204991e-01
7.002558253135628130e-02
5.702804825714339471e-02
2.138444588118044998e-01
1.678207277707543799e-01
3.643113151675695938e-01
8.553341296008024619e-01
9.022399488905235021e-01
7.155141155023890809e-01
5.918857801792157813e-01
6.328301671960894215e-01
9.544673247467962973e-01
8.304106801013531047e-01
8.463636618636041220e-01
1.570392650205849339e-01
8.857980033149395194e-01
9.685661233093161293e-01
6.426807366718978454e-01
8.317303009429973804e-01
3.534759931276254541e-01
9.530675428613631928e-01
2.843969136528185504e-01
6.192635903143401954e-01
4.023164055771748515e-01
8.034977852781765018e-01
7.061890609061031165e-01
4.487685491193806886e-01
2.226645224010498081e-01
1.365828124400883248e-01
9.720326192958411715e-01
9.396233991370237515e-01
4.892074711959208400e-01
8.827847119478967608e-01
8.063775778816217876e-01
6.404934713651582179e-01
7.507614053282075650e-01
2.074166237651046685e-01
7.099372833344634870e-01
6.890547871443423178e-01
8.053641725837979992e-01
8.384335728655077924e-01
5.038291460686564749e-01
4.837614675121912344e-01
7.194687945320009659e-01
3.897209129199968314e-01
