6.441512668526053025e-03
1.937184605341591981e-01
8.731798302038608350e-03
2.210929736365295495e-02
8.376260773755527245e-01
8.145755710340887301e-01
4.096400225798914607e-01
6.437245663769461945e-01
2.784824432145676099e-01
1.771857398160519570e-01
1.256751133973628698e-01
9.099522657894805466e-02
7.662980264631873428e-01
2.108869870399746396e-02
7.756402524798190479e-01
2.105009528323247003e-01
3.257391550456934515e-01
3.477917989210170813e-01
3.518161411790339255e-01
1.834745005192207346e-01
6.382209425078880227e-02
1.012466437203076580e-01
8.963502136555168143e-02
3.026248832795679911e-01
1.804320032871483681e-01
1.757188566929365758e-01
4.391786654691892666e-01
2.692858719787482036e-01
7.344160240618491375e-02
2.721790292157938874e-03
5.131104802436090573e-01
5.392724378947902908e-01
4.057348508288703970e-01
1.185406825999517771e-01
1.183302892808405643e-01
3.522694276074351816e-01
4.733564784863084074e-01
3.637618284783628586e-01
5.117003276491835506e-02
5.428644872340134819e-01
2.787281557447673364e-01
9.520687239799593971e-02
1.942344120139629648e-01
4.078536694109551330e-01
8.546996856704359991e-02
1.492467938054541365e-01
2.732177966896596755e-01
3.676462295704283068e-01
3.188820437653087647e-01
1.129909452692061250e-01
8.266373137922559122e-01
7.197310803078295072e-01
7.398131089986489384e-01
7.811228957988213262e-01
6.358600435688971375e-01
7.722985672575225502e-01
8.035886885639997868e-01
6.782109091760716302e-01
6.740484466596210478e-01
8.429178129202552494e-01
8.036412157908635612e-01
4.969186746361814455e-01
8.689949473305816907e-01
6.897506385798680695e-01
5.453867114094517188e-01
8.707684388951959509e-01
8.433471942738289817e-01
7.536836191789648698e-01
8.058256648786126242e-01
4.791362020772975128e-01
6.621267379967262778e-01
5.596789066425723602e-01
2.974845954289313532e-01
8.794517999752010651e-01
2.780030129155747209e-01
7.756773042103292104e-01
7.618081369825091542e-01
7.139368862616795042e-01
4.909392783974080021e-02
7.349678831414881985e-01
7.164317116224810933e-01
8.007570473298509794e-01
8.013361649031360834e-01
8.524783374483420051e-01
7.238540813350042846e-01
8.439156326671547470e-01
9.057843816482324950e-01
5.075553384760139730e-01
8.732708035606369101e-01
8.042459248986310039e-01
7.212508877822489950e-01
5.815875804736045929e-01
6.085656086914745799e-01
7.744610733488699328e-01
2.539826815687502015e-01
8.393931690512941302e-01
8.003954158672544894e-01
6.845100584554225653e-01
7.529931667562071995e-01
8.709772863927341957e-01
