1.848306893780241322e-01
1.192450720634078143e-01
1.189712929491867216e-01
1.211500653827103646e-01
9.467679615567088369e-01
9.174531328984787404e-01
3.078596142630967702e-01
9.128486165392947493e-03
2.257177104594693673e-01
1.869369193967626297e-01
1.696035565707870452e-01
1.180880901474078287e-01
8.282027591121146060e-01
9.060882433036163142e-02
8.550646715511773799e-01
3.836658433300571547e-02
2.879826077937048812e-01
1.517927009833683893e-01
2.689205888778685716e-01
6.145884920302754906e-02
1.429994316902476470e-01
2.214818521096808546e-01
1.207313504432912660e-01
4.368658930077146813e-02
2.179432525311116031e-01
2.188780971228493355e-01
3.747429602706334184e-01
9.524493890575760902e-02
9.641411146109141184e-02
1.135007819455973038e-01
4.103868992253468795e-01
5.778125545351315839e-01
6.733223636827422032e-02
1.820762115212604670e-01
7.256597699452735362e-02
2.904645814219324884e-01
3.636137762747833069e-01
2.802502511413157982e-01
1.026729874708119938e-01
1.749777607179139188e-02
2.265624627102291733e-01
6.747018088376006972e-02
2.002202322923613276e-01
3.132809662606831913e-01
8.817433075682962196e-02
2.200508297993053197e-01
2.528357819551931840e-01
3.614023538979863753e-02
1.414444893343292098e-01
1.551589317912077104e-01
9.328551289882011099e-01
7.366555390631303046e-01
7.835301566609521595e-01
8.623647513262210351e-01
5.896458689607456671e-01
8.485572502130924732e-01
9.129889411090919005e-01
6.715611693869897314e-01
6.505000945937834400e-01
9.569874909625067927e-01
8.985210274633923522e-01
4.193474059242891516e-01
9.779993334920199510e-01
6.778968996109350220e-01
5.147011927578285517e-01
9.799013148168054244e-01
9.536337851019004441e-01
8.127704321897627482e-01
9.030667569405496087e-01
4.248884043880198358e-01
6.252247593330084730e-01
4.761907478278686878e-01
3.454961967297785486e-01
9.851965884042056532e-01
2.578541695526706534e-01
8.494738723163921534e-01
8.250470913467062850e-01
7.255325389972319128e-01
8.268815094811046706e-02
7.655216678135738917e-01
7.584590954516284844e-01
8.919152259858220688e-01
8.956204013609361247e-01
9.635357530538808390e-01
7.657068368156241256e-01
9.554915251733808734e-01
9.957761445775151765e-01
4.074284287812931504e-01
9.813931154087276454e-01
8.999501103416949199e-01
7.374370200581816803e-01
4.914270057263271929e-01
5.685515870484446621e-01
8.607610299618261296e-01
2.179965721502823417e-01
9.490646173230831151e-01
8.922801692024198150e-01
6.728473112913667675e-01
8.266722101639307763e-01
9.794470916086714940e-01
