3.102864772089664047e-01
4.371113049817468288e-01
3.697073489151864734e-01
3.075308028855899267e-01
3.909695088810912766e-01
3.234985924920615874e-01
9.890442410808933937e-01
3.531278254826739627e-01
3.024858491961197604e-01
3.467013162024050743e-01
5.890706115153818700e-01
3.085874093309377564e-01
3.298851663679145951e-01
3.438841718697170369e-01
6.483314348868518540e-01
3.053842782270362322e-01
3.519238652706132009e-01
4.044264340995957219e-01
6.765473030881851146e-01
3.324887443512743457e-01
3.428207380209398747e-01
2.998815385979380910e-01
3.613263613902465976e-01
4.222625414142368583e-01
3.223045268537267916e-01
3.803194574943100092e-01
3.605985055948046636e-01
2.962489405852496427e-01
2.949757562563792845e-01
3.275319732616769342e-01
2.995389174328381143e-01
3.157668460988583559e-01
2.989835300504638527e-01
3.557855646301032460e-01
5.878486556942524865e-01
4.094968893156694656e-01
3.085494301012818297e-01
5.344118566087220357e-01
3.254267741065818287e-01
3.028322291019675538e-01
3.605854535146845730e-01
4.968608442184436202e-01
3.156004282227529156e-01
3.174353404077475682e-01
5.295060427967662742e-01
2.999736524434111762e-01
3.471979050575391135e-01
3.130983436114149199e-01
3.084300011607709613e-01
3.794658082615844363e-01
8.032993893984613498e-01
3.534368898817780158e-01
6.646520838265730369e-01
4.534348990302408677e-01
4.581937304732557892e-01
8.173117393376154727e-01
3.997907061088432634e-01
3.848867411093319646e-01
4.673380730279463324e-01
5.816242891208396326e-01
5.926685880230510017e-01
4.977255169248263611e-01
3.380958547891401156e-01
7.581474835834726145e-01
6.292382725741789695e-01
5.787110439303252418e-01
5.621888666671880364e-01
6.572856453017433820e-01
4.076093276274481148e-01
6.187009179143977411e-01
9.189624556577864478e-01
3.816944013525503387e-01
4.800018228849489699e-01
4.350382311940955704e-01
5.566587915470865289e-01
7.140864809590224960e-01
7.003908573150168237e-01
4.730547731707078762e-01
8.633307621490017292e-01
3.658181204462293001e-01
3.335743922889356505e-01
9.979397830904649380e-01
5.923541515528040202e-01
7.638390654428786064e-01
4.595378491194982984e-01
6.237590731963845725e-01
6.060731002889195862e-01
4.870547859969315274e-01
5.273887798883337696e-01
9.052718893643845188e-01
3.637033140074186210e-01
4.494975463872302179e-01
4.367256525202179995e-01
4.645707297647209133e-01
5.323389670590350509e-01
4.962832761390534864e-01
5.300102012002219087e-01
5.102507468193350215e-01
8.155210629834848124e-01
4.188281480494583375e-01
