5.816008393794414033e-02
7.570627605491369629e-03
6.944908912760195188e-03
1.192219511349795237e-02
1.196586841511546213e-02
2.673739307482712879e-02
1.389850881022427695e-02
7.301661853998538641e-04
2.282139068752683103e-02
4.368175571860271125e-03
8.895574800239383281e-03
9.497536652183800887e-03
1.178262775762899117e-02
1.233852159506371518e-02
3.739463279534584877e-03
8.496217939488827364e-02
3.208377269132403099e-03
7.117064325304811069e-03
1.813615688492918251e-02
2.305415676471029261e-03
2.473686680442952965e-03
2.504301974235605133e-02
1.394604780100305169e-02
1.840333327019171364e-02
1.212383318775763635e-03
1.542235861999871963e-03
5.664599337022711151e-03
4.425625565300891212e-02
3.120119709096942813e-03
1.014535631188812348e-01
1.510704234335488554e-02
2.968931661580290725e-03
1.240682436290733255e-03
3.639956424116384554e-03
3.732657329628652487e-02
1.235528852537109284e-02
3.635324390803140737e-02
4.833648509417062811e-02
4.299409668541909896e-03
4.547243040413569484e-03
1.233785092181622495e-02
5.044756766604170835e-03
1.972262173531433380e-03
1.889019152159487208e-02
1.201614178909056301e-02
1.928869683709881142e-02
3.086941265951855754e-03
1.048733841909858279e-03
8.445986403677828089e-03
2.025115648157660986e-01
1.079566296817075811e-02
2.133072233227631398e-02
5.024377096555972429e-03
2.177280854988651593e-02
1.184059264454595702e-02
1.387864118921737630e-03
1.285407215740364331e-02
9.634311110050069321e-03
1.795099540369485963e-02
1.013046321497470398e-02
5.090265891295673618e-03
3.716701348543552299e-03
7.514502777494003801e-04
2.218433355369499038e-01
1.310492113190765695e-01
1.067357217581805240e-01
1.010363405685009014e-01
1.287886660504576342e-01
1.227341972042994001e-01
2.552175567692434588e-01
3.849989889113227259e-01
2.059276942702315261e-01
1.994658145496998880e-01
1.551572185866819942e-01
2.129117547420609491e-01
9.938409111329496448e-02
1.530794435654467545e-01
1.260285607827773546e-01
1.660448975313686126e-01
6.795396526790002667e-02
1.558294854802237117e-01
3.934406080152469398e-01
2.085038931117460803e-01
1.726980812780138097e-01
1.043800119280477168e-01
9.383990347885154404e-02
1.165489000016570742e-01
1.854659841075536886e-01
2.777870380770042780e-01
1.661370386543797872e-01
1.083323221995040747e-01
1.590897026648157853e-01
1.253315850829879452e-01
1.709860236493776497e-01
1.370658063836945328e-01
2.408684150630135967e-01
1.992443156218292599e-01
1.059309856970399311e-01
1.896775153808046566e-01
2.314297208690919427e-01
2.947366536497606493e-01
1.600588289900252426e-01
1.439276422956378421e-01
2.281082024091519722e-01
7.448266030166761364e-02
1.452167220809294224e-01
1.537688354711671535e-01
2.029702154784253643e-01
1.210051374332549584e-01
9.219799456250780956e-02
2.246502891223443321e-01
8.457618370566642729e-02
1.892603733261826737e-01
9.609191984214358884e-02
7.509367875511874235e-02
2.145681808395264456e-01
2.674594504334065759e-01
1.221553645882427624e-01
2.150417052491847558e-01
1.570441558634473600e-01
1.387559252734336668e-01
1.393256924517242701e-01
1.133544814822249752e-01
1.860251349570650747e-01
2.775838386310294226e-01
5.351616002799629290e-02
