3.289758612689097639e-01
4.295674449082437230e-02
3.939028319823519725e-02
6.754689462190950622e-02
6.781948287030842293e-02
1.513377783115175401e-01
7.876855066355449575e-02
4.156972164864975935e-03
1.291718392266218152e-01
2.478988103412719385e-02
5.044568943025917046e-02
5.386810462719202747e-02
6.683210297698755076e-02
6.993757432342351255e-02
2.123149816577332358e-02
4.800362308169507375e-01
1.823236285297631307e-02
4.035611880472720486e-02
1.027572111115493403e-01
1.310071583853997072e-02
1.405060544511931714e-02
1.417313135261430157e-01
7.903275192557998596e-02
1.043265413202501407e-01
6.895380077248645413e-03
8.762508965734022714e-03
3.214434518119054646e-02
2.503380178409290724e-01
1.773054382232060189e-02
5.738156688372850756e-01
8.565556366886185879e-02
1.687672394661026212e-02
7.060286271515955371e-03
2.067497160109384516e-02
2.111563500814001015e-01
7.005986495906670053e-02
2.057834567899779199e-01
2.736855143216513353e-01
2.442027956546479264e-02
2.581209246572521709e-02
6.995918677642852523e-02
2.863610213440002245e-02
1.121317032606456571e-02
1.070332565459865964e-01
6.807345468683015377e-02
1.092914887379100031e-01
1.753155404498613068e-02
5.963642537934701893e-03
4.790979270380818500e-02
1.143555181171633128e+00
6.124024218685891058e-02
1.209103725023643050e-01
2.851083074487000338e-02
1.232882596948810111e-01
6.720632387008562691e-02
7.894844475059703201e-03
7.286271220077766841e-02
5.465806984500586052e-02
1.016916880794577066e-01
5.742968219058690316e-02
2.891909296413868249e-02
2.111451371373968683e-02
4.277869935404940253e-03
1.253384252420385980e+00
7.409067964463463829e-01
6.033948688168178087e-01
5.712348650614276213e-01
7.284645458556526787e-01
6.938805984330503884e-01
1.442105010102006535e+00
2.174482935422494823e+00
1.163906014367543484e+00
1.127222441678537468e+00
8.769333941052804837e-01
1.202874882555764469e+00
5.618865253565941131e-01
8.652441605372017674e-01
7.126723868279150054e-01
9.389834282976030622e-01
3.844518995225700286e-01
8.809636950868505734e-01
2.222078381336967112e+00
1.178402689741895770e+00
9.760622269985751442e-01
5.904349592157334126e-01
5.305537463837819434e-01
6.593271615409385111e-01
1.048239284878319522e+00
1.569669497549993187e+00
9.388629990557076921e-01
6.123986153544153099e-01
8.993476069368966375e-01
7.085838667561294990e-01
9.665574308669298009e-01
7.747160283844329864e-01
1.361537915287075906e+00
1.126210341881951793e+00
5.990575329420312345e-01
1.072713587510390143e+00
1.307903720372198819e+00
1.665250055558779474e+00
9.046252810216561802e-01
8.136070865267767127e-01
1.289143407761457416e+00
4.213814699122234164e-01
8.209861894934754600e-01
8.690279867090304755e-01
1.147181771272166140e+00
6.840785396985505917e-01
5.215772308553495717e-01
1.269684589464466606e+00
4.784934319934687208e-01
1.069404247320282053e+00
5.435284254531913550e-01
4.247450052585767244e-01
1.212117605918903385e+00
1.510852658713363272e+00
6.904979122145721293e-01
1.215459952404571498e+00
8.876766760829976066e-01
7.843261562984553681e-01
7.878285056648646201e-01
6.408839918976513284e-01
1.051769036909001365e+00
1.568408537667911551e+00
3.028399908737707258e-01
