1.281535023848585919e-01
1.728098519058786635e-04
2.609911477523889256e-05
6.703389327533780669e-05
2.104366805215576329e-04
2.094344204895782352e-03
5.708601299254748582e-04
5.618964441650572873e-08
5.844207248384882675e-04
4.065621380047572476e-06
1.087157095001739222e-04
2.952676284714136272e-04
1.863516390654715131e-03
3.462471537467594037e-04
4.738545945103071778e-06
8.445163575199959860e-02
2.058848123247470014e-05
1.438614076153219350e-05
2.057772567031224305e-03
1.488510274380537831e-06
6.699773646050241874e-07
8.811332326177783196e-04
4.805872134319654453e-04
1.147496164615064915e-02
1.372334535069890535e-07
4.250263475069291136e-08
2.324246213674383945e-05
1.686700371023674289e-02
1.585312588241779346e-05
9.293823380340739959e-01
4.149473512073661129e-03
2.769985809879497256e-05
8.679950786355275792e-07
1.300761749294330429e-05
5.473950245718184511e-03
1.127274091946808398e-03
3.173663108828017609e-02
4.272003941865662457e-01
4.491712557263276051e-05
1.107993652297049025e-05
1.031910252597287954e-03
2.451401719821471117e-05
1.997561466771737143e-06
3.159969887473595800e-03
5.539228482039291855e-05
3.755818504880156089e-03
2.472134423783546609e-06
2.757862990768649756e-08
1.705509802278721231e-04
9.586863067241001568e-01
1.277155858844095104e-03
2.767832279685288055e-02
8.703805040004066674e-06
1.431921575643187909e-03
1.461461456744134191e-02
6.623942651340911956e-07
5.377128458523135158e-04
7.200233292862784481e-04
1.164897503123006172e-03
1.117528413628180356e-04
3.358288948766298128e-04
2.552161943345275459e-05
5.777843777943926804e-08
9.974937836790812584e-01
9.706994141907677731e-01
8.011032254331581504e-01
7.794013635868022316e-01
9.928039400134264225e-01
9.444842269837170345e-01
9.995909423770145130e-01
9.999631524273666638e-01
9.987749741651928970e-01
9.971655130224565955e-01
9.813020419815057238e-01
9.957071147398127708e-01
7.462394920983065338e-01
9.829933399281811646e-01
9.795194464434003878e-01
9.985508468493801137e-01
5.074944816840838424e-01
9.927679201013929200e-01
9.999650303872019697e-01
9.986702442313241113e-01
9.926944081755086913e-01
9.611283185846754007e-01
6.592764963091941599e-01
9.889506054525173395e-01
9.964424155205159339e-01
9.998439348829109008e-01
9.838036370020535326e-01
8.025383993396387750e-01
9.928203429010346026e-01
9.573640328896515506e-01
9.957426159838589363e-01
9.520995865168508931e-01
9.998325981805485929e-01
9.986974169971857274e-01
9.243967935559154192e-01
9.997096099027779070e-01
9.994199291307152011e-01
9.998632631695745232e-01
9.852327422836306692e-01
9.798725343708187818e-01
9.993513980552226617e-01
6.810853297786181315e-01
9.873400476365729039e-01
9.744796777014713696e-01
9.985497609959985699e-01
9.292554043580572021e-01
9.193018984599533594e-01
9.994129481643129198e-01
8.710649227218498769e-01
9.923583150985139101e-01
9.112827299948996762e-01
5.307598276019110939e-01
9.942876453277805782e-01
9.992064163199382287e-01
9.047757812957838430e-01
9.992966642305080027e-01
9.876637284592163502e-01
9.661582569819582300e-01
9.902759208259617196e-01
9.085680413419559009e-01
9.990388440748416699e-01
9.997886438623287964e-01
2.249750781639652808e-01
